1.000000000000000000e+00 1.000000000000000000e+00
2.000000000000000000e+00 1.218512722287223182e+00
3.000000000000000000e+00 1.347062384720574046e+00
4.000000000000000000e+00 1.430486702129389665e+00
5.000000000000000000e+00 1.488391213951635539e+00
6.000000000000000000e+00 1.530458792219066444e+00
7.000000000000000000e+00 1.561437159283757925e+00
8.000000000000000000e+00 1.585095996658682838e+00
9.000000000000000000e+00 1.604037102763643086e+00
1.000000000000000000e+01 1.619337957878443923e+00
1.100000000000000000e+01 1.632151178086737264e+00
1.200000000000000000e+01 1.643336883614494592e+00
1.300000000000000000e+01 1.653114528280044349e+00
1.400000000000000000e+01 1.661295288655161739e+00
1.500000000000000000e+01 1.668503466882881758e+00
1.600000000000000000e+01 1.674995624969392249e+00
1.700000000000000000e+01 1.680842661036816343e+00
1.800000000000000000e+01 1.686638643263987936e+00
1.900000000000000000e+01 1.692102707966099961e+00
2.000000000000000000e+01 1.697141096337197563e+00
2.100000000000000000e+01 1.701867793697997566e+00
2.200000000000000000e+01 1.706162616324791825e+00
2.300000000000000000e+01 1.710254275815836777e+00
2.400000000000000000e+01 1.714053697703323387e+00
2.500000000000000000e+01 1.717656898438453261e+00
2.600000000000000000e+01 1.720980070061381095e+00
2.700000000000000000e+01 1.724222529994023478e+00
2.800000000000000000e+01 1.727377547047783013e+00
2.900000000000000000e+01 1.730320538755091730e+00
3.000000000000000000e+01 1.733241085752875721e+00
3.100000000000000000e+01 1.735973523599551704e+00
3.200000000000000000e+01 1.738482834861524884e+00
3.300000000000000000e+01 1.740853463432122883e+00
3.400000000000000000e+01 1.743063949747749364e+00
3.500000000000000000e+01 1.745278828870296950e+00
3.600000000000000000e+01 1.747400614667983687e+00
3.700000000000000000e+01 1.749559121886905100e+00
3.800000000000000000e+01 1.751852307243022322e+00
3.900000000000000000e+01 1.754190500599094760e+00
4.000000000000000000e+01 1.756560788335569168e+00
4.100000000000000000e+01 1.758998021493940245e+00
4.200000000000000000e+01 1.761463590686886072e+00
4.300000000000000000e+01 1.763897900109870687e+00
4.400000000000000000e+01 1.766317036986985833e+00
4.500000000000000000e+01 1.768673356325492385e+00
4.600000000000000000e+01 1.770911731068510742e+00
4.700000000000000000e+01 1.773187016035565833e+00
4.800000000000000000e+01 1.775433794437742963e+00
4.900000000000000000e+01 1.777496048862620803e+00
5.000000000000000000e+01 1.779469733381995988e+00
5.100000000000000000e+01 1.781424344795177861e+00
5.200000000000000000e+01 1.783371504093466564e+00
5.300000000000000000e+01 1.785395438161033299e+00
5.400000000000000000e+01 1.787438674125313653e+00
5.500000000000000000e+01 1.789327187581270406e+00
5.600000000000000000e+01 1.791060159325905010e+00
5.700000000000000000e+01 1.792619815553799123e+00
5.800000000000000000e+01 1.794076537345617117e+00
5.900000000000000000e+01 1.795459226618255633e+00
6.000000000000000000e+01 1.796826014209522260e+00
6.100000000000000000e+01 1.798146777354457049e+00
6.200000000000000000e+01 1.799490423463818267e+00
6.300000000000000000e+01 1.800774883896425926e+00
6.400000000000000000e+01 1.802125824167357449e+00
6.500000000000000000e+01 1.803503162565783802e+00
6.600000000000000000e+01 1.804790320795230940e+00
6.700000000000000000e+01 1.805974578384167639e+00
6.800000000000000000e+01 1.807081853395607896e+00
6.900000000000000000e+01 1.808163538173255258e+00
7.000000000000000000e+01 1.809195526276355714e+00
7.100000000000000000e+01 1.810230598232264843e+00
7.200000000000000000e+01 1.811255216842546201e+00
7.300000000000000000e+01 1.812243150870332942e+00
7.400000000000000000e+01 1.813140085521302014e+00
7.500000000000000000e+01 1.813999002974937325e+00
7.600000000000000000e+01 1.814840258053641353e+00
7.700000000000000000e+01 1.815681774293866901e+00
7.800000000000000000e+01 1.816502245479784339e+00
7.900000000000000000e+01 1.817293793199846741e+00
8.000000000000000000e+01 1.818041415956276330e+00
8.100000000000000000e+01 1.818688859923902834e+00
8.200000000000000000e+01 1.819282325091434505e+00
8.300000000000000000e+01 1.819805965984256479e+00
8.400000000000000000e+01 1.820310099214579536e+00
8.500000000000000000e+01 1.820830167071165073e+00
8.600000000000000000e+01 1.821359355623876741e+00
8.700000000000000000e+01 1.821843120465820975e+00
8.800000000000000000e+01 1.822302120838660056e+00
8.900000000000000000e+01 1.822738215127159833e+00
9.000000000000000000e+01 1.823214727072925756e+00
9.100000000000000000e+01 1.823679758777936977e+00
9.200000000000000000e+01 1.824176852523009540e+00
9.300000000000000000e+01 1.824678390990124965e+00
9.400000000000000000e+01 1.825115169728748876e+00
9.500000000000000000e+01 1.825503759331438047e+00
9.600000000000000000e+01 1.825865963712263840e+00
9.700000000000000000e+01 1.826213136887775867e+00
9.800000000000000000e+01 1.826600143509490737e+00
9.900000000000000000e+01 1.826919964291525922e+00
1.000000000000000000e+02 1.827244127136940621e+00
1.010000000000000000e+02 1.827561570975314575e+00
1.020000000000000000e+02 1.827922131690406848e+00
1.030000000000000000e+02 1.828322372013952091e+00
1.040000000000000000e+02 1.828698275937105100e+00
1.050000000000000000e+02 1.829042995674372118e+00
1.060000000000000000e+02 1.829347981796108247e+00
1.070000000000000000e+02 1.829648342503787273e+00
1.080000000000000000e+02 1.829973759242424114e+00
1.090000000000000000e+02 1.830247738839343885e+00
1.100000000000000000e+02 1.830474823960569708e+00
1.110000000000000000e+02 1.830644871390388895e+00
1.120000000000000000e+02 1.830836869594628880e+00
1.130000000000000000e+02 1.830967194526689656e+00
1.140000000000000000e+02 1.831104060849098492e+00
1.150000000000000000e+02 1.831252547610072057e+00
1.160000000000000000e+02 1.831365683993874338e+00
1.170000000000000000e+02 1.831514868294344955e+00
1.180000000000000000e+02 1.831636084868424330e+00
1.190000000000000000e+02 1.831687731596669089e+00
1.200000000000000000e+02 1.831708574256531552e+00
1.210000000000000000e+02 1.831705239603580004e+00
1.220000000000000000e+02 1.831649457689334737e+00
1.230000000000000000e+02 1.831548509503522215e+00
1.240000000000000000e+02 1.831439529542753908e+00
1.250000000000000000e+02 1.831346368085253307e+00
1.260000000000000000e+02 1.831273282812877490e+00
1.270000000000000000e+02 1.831166516384778564e+00
1.280000000000000000e+02 1.831042291321841153e+00
1.290000000000000000e+02 1.830920418467295807e+00
1.300000000000000000e+02 1.830838285526054099e+00
1.310000000000000000e+02 1.830784387680567393e+00
1.320000000000000000e+02 1.830715095648330459e+00
1.330000000000000000e+02 1.830661531037805378e+00
1.340000000000000000e+02 1.830606653821039265e+00
1.350000000000000000e+02 1.830541654083336578e+00
1.360000000000000000e+02 1.830464069515384207e+00
1.370000000000000000e+02 1.830454527757685357e+00
1.380000000000000000e+02 1.830471296563121575e+00
1.390000000000000000e+02 1.830548629273767158e+00
1.400000000000000000e+02 1.830634465639912278e+00
1.410000000000000000e+02 1.830729810437073279e+00
1.420000000000000000e+02 1.830833609195352985e+00
1.430000000000000000e+02 1.830938748247202152e+00
1.440000000000000000e+02 1.830976576969968406e+00
1.450000000000000000e+02 1.830983111505249061e+00
1.460000000000000000e+02 1.830982678673221509e+00
1.470000000000000000e+02 1.831016857659349295e+00
1.480000000000000000e+02 1.831148863862912313e+00
1.490000000000000000e+02 1.831357956900748096e+00
1.500000000000000000e+02 1.831640178066530789e+00
1.510000000000000000e+02 1.831941945201161825e+00
1.520000000000000000e+02 1.832240356529841740e+00
1.530000000000000000e+02 1.832512215355716734e+00
1.540000000000000000e+02 1.832836212187936464e+00
1.550000000000000000e+02 1.833183767946585885e+00
1.560000000000000000e+02 1.833573272580948599e+00
1.570000000000000000e+02 1.833957996183987360e+00
1.580000000000000000e+02 1.834287742846251179e+00
1.590000000000000000e+02 1.834604210840941718e+00
1.600000000000000000e+02 1.834896849970380162e+00
1.610000000000000000e+02 1.835119238402109554e+00
1.620000000000000000e+02 1.835327692209516748e+00
1.630000000000000000e+02 1.835473696281406220e+00
1.640000000000000000e+02 1.835572429601149302e+00
1.650000000000000000e+02 1.835609201762395726e+00
1.660000000000000000e+02 1.835630757557036752e+00
1.670000000000000000e+02 1.835625076869319638e+00
1.680000000000000000e+02 1.835665224860744571e+00
1.690000000000000000e+02 1.835702473293694625e+00
1.700000000000000000e+02 1.835690286137437788e+00
1.710000000000000000e+02 1.835690234541016430e+00
1.720000000000000000e+02 1.835699856848403755e+00
1.730000000000000000e+02 1.835719727364202081e+00
1.740000000000000000e+02 1.835744404721024070e+00
1.750000000000000000e+02 1.835775135858733975e+00
1.760000000000000000e+02 1.835800525930445737e+00
1.770000000000000000e+02 1.835808945078174936e+00
1.780000000000000000e+02 1.835763932463723824e+00
1.790000000000000000e+02 1.835709249575725899e+00
1.800000000000000000e+02 1.835684698307065155e+00
1.810000000000000000e+02 1.835629021360809743e+00
1.820000000000000000e+02 1.835583446953764186e+00
1.830000000000000000e+02 1.835584992823209527e+00
1.840000000000000000e+02 1.835646535214536357e+00
1.850000000000000000e+02 1.835713677122421172e+00
1.860000000000000000e+02 1.835756690030522664e+00
1.870000000000000000e+02 1.835796730770780760e+00
1.880000000000000000e+02 1.835858444353384744e+00
1.890000000000000000e+02 1.835958026130483978e+00
1.900000000000000000e+02 1.836069223101541414e+00
1.910000000000000000e+02 1.836169451510168749e+00
1.920000000000000000e+02 1.836278062699084446e+00
1.930000000000000000e+02 1.836396175240325279e+00
1.940000000000000000e+02 1.836476406992880284e+00
1.950000000000000000e+02 1.836482115256048209e+00
1.960000000000000000e+02 1.836497302627653205e+00
1.970000000000000000e+02 1.836498032587190909e+00
1.980000000000000000e+02 1.836459820764619888e+00
1.990000000000000000e+02 1.836388622391494030e+00
2.000000000000000000e+02 1.836359196879011391e+00
2.010000000000000000e+02 1.836233787421347685e+00
2.020000000000000000e+02 1.836121347469569232e+00
2.030000000000000000e+02 1.836127829035000714e+00
2.040000000000000000e+02 1.836043645253165435e+00
2.050000000000000000e+02 1.835905226986451977e+00
2.060000000000000000e+02 1.835739791838029378e+00
2.070000000000000000e+02 1.835523313311564486e+00
2.080000000000000000e+02 1.835341622080678636e+00
2.090000000000000000e+02 1.835242267017351603e+00
2.100000000000000000e+02 1.835210608394878706e+00
2.110000000000000000e+02 1.835215718468523383e+00
2.120000000000000000e+02 1.835136959627103659e+00
2.130000000000000000e+02 1.835026850891450012e+00
2.140000000000000000e+02 1.834913980021325219e+00
2.150000000000000000e+02 1.834884601688024475e+00
2.160000000000000000e+02 1.834920205166567397e+00
2.170000000000000000e+02 1.834958616337687864e+00
2.180000000000000000e+02 1.835028570766503941e+00
2.190000000000000000e+02 1.835073794975488726e+00
2.200000000000000000e+02 1.835027130541529328e+00
2.210000000000000000e+02 1.835000391465006375e+00
2.220000000000000000e+02 1.834988141455575539e+00
2.230000000000000000e+02 1.834963133917593581e+00
2.240000000000000000e+02 1.834913586661381490e+00
2.250000000000000000e+02 1.834783998975894503e+00
2.260000000000000000e+02 1.834664283491454828e+00
2.270000000000000000e+02 1.834467944823028107e+00
2.280000000000000000e+02 1.834279870670015633e+00
2.290000000000000000e+02 1.834106596997684413e+00
2.300000000000000000e+02 1.833924405376811340e+00
2.310000000000000000e+02 1.833860017181371038e+00
2.320000000000000000e+02 1.833761869046443227e+00
2.330000000000000000e+02 1.833694931182265897e+00
2.340000000000000000e+02 1.833681377772973242e+00
2.350000000000000000e+02 1.833642552890861532e+00
2.360000000000000000e+02 1.833584793569189353e+00
2.370000000000000000e+02 1.833512304459571141e+00
2.380000000000000000e+02 1.833416863897927129e+00
2.390000000000000000e+02 1.833245943807930933e+00
2.400000000000000000e+02 1.833056348828682847e+00
2.410000000000000000e+02 1.832800639671615883e+00
2.420000000000000000e+02 1.832579614469415974e+00
2.430000000000000000e+02 1.832335513630403590e+00
2.440000000000000000e+02 1.832120060946100581e+00
2.450000000000000000e+02 1.831865212288756206e+00
2.460000000000000000e+02 1.831600385419625887e+00
2.470000000000000000e+02 1.831335243297681936e+00
2.480000000000000000e+02 1.830976564435648823e+00
2.490000000000000000e+02 1.830550361113744806e+00
2.500000000000000000e+02 1.830104153528199218e+00
